Matrix: 
   11   37    4  -30   39   -6   48   28   32   34
   16  -25   60   -1   40   20  -24  -29   63   18
   61  -26  -28   23   62   52   -9  -14  -12   65
  -27  -19   -8    3   43   34   11  -19   23   38
  -25   15   51   -3   31   61   65   12   -3    6
  -14    5   60   12   58  -24   10   12   34   18
   -1   -7   54   24   26   10   36   46    1  -22
   17   -4   41    8   39  -18   37   69    5   64
   14    9   -4   -7    7    8  -12   52   -1   11
   17   14   32   27    7   29   -7   11   -1   48

Mins: 

 Min  1 = -30
 Min  2 = -29
 Min  3 = -28
 Min  4 = -27
 Min  5 = -25
 Min  6 = -24
 Min  7 = -22
 Min  8 = -18
 Min  9 = -12
 Min  10 = -7